count	reward_sum	squared_reward_sum	length
0	-103.32104641138669	10001.355408791034	72
1	-67.6531132582196	13.385602948152801	2000
2	-119.8541033045651	10008.774385968904	54
3	-101.97393900517359	10000.92442118176	48
4	-59.48629384097364	11.054161431455597	2000
5	-115.66152271430622	10006.425897982974	58
6	-118.90338671490989	10008.100261748132	101
7	-190.94710702074326	10010.747865871936	1642
8	-82.32275175487052	6.172423919705881	2000
9	-75.24256686809716	5.923083898898322	2000
10	-100.14151551647329	10001.737434209728	56
11	-98.61518334734193	10001.909374237302	60
12	-95.70015560868359	10004.90563975231	113
13	-96.17141108428513	10002.033367102067	76
14	-98.81848519190424	10001.721224767472	60
15	-72.24481887500835	7.414533565633292	2000
16	-101.68671766350916	10000.895497370886	46
17	-102.28328724297214	10000.664879710312	40
18	-103.46790161205355	10001.394733225578	43
19	-102.94728429352601	10001.021600012275	50
20	-101.41476431474027	10001.09971452123	47
21	-103.56882497210228	10002.001170002886	54
22	-103.67964244051184	10001.713492185676	54
23	-100.81076126574135	10000.759024784613	52
24	-101.18851533188717	10000.955866341874	46
25	-101.65652375661774	10001.223256074813	51
26	-103.3289597927869	10001.495309868229	42
27	-103.8156829582875	10000.740738574508	60
28	-107.2516218568502	10001.745010259276	60
29	-110.28833525134095	10002.19946661043	61
30	-100.30453343493646	10001.684725476078	90
31	-97.59401813841704	10001.109345909503	85
32	-59.252000184120355	6.334473548051921	2000
33	-102.93241225111329	10002.816796763915	75
34	-99.84098667889927	10002.309469862097	95
35	-102.95193681392873	10002.035638783325	47
36	-102.49936542878245	10001.23142247718	68
37	-99.42572378962487	10002.37588839015	126
38	-103.45433816526582	10001.846084279954	55
39	-103.00758081763766	10003.62640798443	111
40	-97.4468601800468	10002.289556969401	113
41	-99.5908198272658	10002.974654793476	130
42	-99.00792689756743	10002.629273278244	90
43	-97.84699025948008	10002.419649388883	87
44	-99.31991176254914	10002.738955297622	88
45	-98.12846716963453	10003.216793089292	86
46	-100.65000283771137	10002.820301750544	76
47	-100.37418053253562	10002.934414312036	80
48	-96.92417233037521	10003.826147581574	89
49	-97.45708220073828	10003.691444243479	98
50	-97.27798056957049	10003.565455815553	107
51	-100.83887484470918	10002.069636209431	83
52	-104.70393910415238	10002.483508532698	101
53	-97.20816841445708	10001.813845225604	74
54	-120.27284051957409	10005.016367655378	104
55	-99.30979655097394	10001.742588775414	76
56	-101.07817334525629	10001.733277997937	69
57	-104.33811080760137	10002.60543247844	69
58	-107.0913162653277	10004.138904118381	67
59	-102.15261414354853	10001.433775440637	65
60	-102.62190314986431	10002.038429016899	56
61	-102.03821725288428	10002.876832535992	67
62	-102.88530395850819	10002.051991993112	69
63	-99.89868267059357	10001.692133124916	76
64	-102.8143348549923	10002.02693603219	68
65	-102.79478108538548	10001.753562398504	61
66	-102.30710306553621	10002.851043602564	58
67	-97.79111504715955	10001.710810743596	114
68	-62.00334797708506	10.966525737336857	2000
69	-107.0495556150941	10007.180529456753	88
70	-118.60780626360642	10006.059923068548	70
71	-119.70492956084712	10006.487734392738	72
72	-140.98017792072523	10015.508774459908	366
73	-99.69483893415396	10019.880053055944	807
74	-98.26218198757309	10003.516280541186	131
75	-101.36657726170328	10002.867850006121	225
76	-118.81285300844186	10005.676602396268	121
77	-69.07941012009982	10009.097743637753	380
78	-100.49163514887887	7.4768765760553615	2000
79	-79.69417385746836	5.964784617406302	2000
80	-82.82001170616076	10004.341680841375	171
81	-54.460788588700574	9.326240254609171	2000
82	-70.38801128747463	10008.042826385443	432
83	-41.624964098639914	10.281608120533066	2000
84	-11.901535271540325	10025.478257706463	929
85	-102.1274755363989	10000.77788939095	62
86	-94.74143348078172	10003.176087873986	176
87	-72.2558983037566	10008.68034115986	274
88	-52.20878033832056	10015.172624017905	397
89	-77.62384045605927	10009.915534404985	180
90	-116.03040293401534	10006.216057024501	92
91	-86.14991815193673	10004.66914099126	149
92	-68.1758578282846	10012.880184504469	504
93	-118.20350171138905	10006.693364623648	61
94	-69.56758770082267	10009.60509362786	280
95	-115.27249204362681	10005.882531313637	43
96	-108.83678485294269	10003.153294933563	88
97	-110.13290219318401	10003.942811810492	48
98	-117.49816799015954	10007.338469706441	45
99	-117.35171960463421	10007.86078234735	42
100	-116.37281543928664	10006.605840917877	45
101	-119.13789235567907	10008.629736161954	45
102	-114.45171024275353	10006.011374622536	38
103	-118.69840749874339	10008.359350381745	45
104	-120.4770407055244	10009.94397052644	45
105	-122.09497838877854	10011.682353907456	44
106	-114.66891665125809	10006.025325132172	94
107	-117.83804957359938	10007.937858053441	43
108	-123.06498581082653	10013.834738527947	41
109	-120.59529425730898	10007.929910055815	88
110	-120.4244566185591	10009.579923903737	46
111	-122.30730036290983	10011.274801420846	46
112	-126.82568696889233	10010.003291010054	123
113	-119.1616483996115	10008.10402719628	77
114	-119.48019745707893	10008.557970544227	100
115	-109.57670813094607	10002.560917103288	99
116	-97.63551161943784	10008.226863699283	204
117	-112.82745327587635	10011.278413201635	209
118	-131.0373542917371	10008.854659329083	213
119	164.72338143258276	54.079583038781145	2000
120	-93.88588479291593	10003.190279230656	93
121	-60.37810366715458	10011.90606141664	312
122	18.137526206458404	10037.407564193249	837
123	-75.35770465820949	10010.250139197911	195
124	-101.93692584031548	10005.830220695178	156
125	-79.10858138812532	10008.646831351587	174
126	-125.8186330300773	10008.163058060498	123
127	-101.58504670171001	10008.211825969029	210
128	-81.04807974528302	10006.894291887964	188
129	-81.29312569618567	10009.208229539672	168
130	-73.63072249706946	10011.228933156306	195
131	-72.57180171101443	10017.118518440819	472
132	-54.33262919189227	10015.237718546103	256
133	-84.82618139397172	10006.163868283222	166
134	-10.894005250156894	10026.33658698517	586
135	-84.03616554123862	10006.5117047103	142
136	-43.26642393450236	10016.358093255725	403
137	5.807998060979031	10027.388104205309	669
138	-56.58612693943396	10011.75255592158	421
139	-51.245143886207615	10011.843499635208	367
140	-82.26181135770022	10005.303049490141	142
141	-64.8631414234525	10008.274152751339	278
142	-89.31283446652353	10003.160030850422	234
143	4.243385291854125	10027.356011937129	542
144	-50.74822768037146	10013.493815321686	402
145	-72.64815359712148	10007.167427885614	257
146	-83.86903632853569	10005.192198810191	158
147	-84.55331377984452	10004.177393067466	162
148	-91.0172545756816	10002.889245610106	137
149	-87.04251393298932	10004.058031789687	168
150	-20.32487062788698	10017.764862143042	520
151	-79.01317025852772	10005.073870453421	187
152	-97.92648621305761	10001.020757392542	91
153	-103.88454666491839	10002.569519499802	109
154	-91.0632962066381	10002.837724825586	119
155	-96.45265762242133	10001.173623082934	106
156	-95.06150386652398	10001.42647475866	99
157	-94.5377123534397	10001.423368691141	109
158	-47.480175883336415	10012.203709902393	390
159	-95.94267572218212	10001.247567645896	94
160	-87.51775429625492	10002.953818737202	113
161	-90.56789891612206	10006.173457908362	255
162	-61.73813079471421	10009.65703715813	341
163	-37.69204020628939	10017.886748085824	397
164	-79.29011278390729	10006.307699189056	193
165	-72.56371110760162	10015.599376379565	645
166	-25.053360104953683	10017.545433192228	509
167	25.319696413479107	10027.337166623602	882
168	-121.70512704911798	10008.332123705299	82
169	101.86227889234993	10049.976218412774	1194
170	-19.457233203553727	10020.188996924766	535
171	-55.412191890421255	10013.981348958925	376
172	-115.21724348585747	10004.819282479466	145
173	-37.371046015035674	10018.286508868108	430
174	0.5788961531870488	31.28494200896824	2000
175	-21.489442083272934	10027.377704471457	398
176	-103.31079984212144	10020.031927755748	268
177	-98.30188559624553	10004.240023186238	87
178	-95.04206749914921	10004.109464007099	81
179	22.65068038680867	35.175818923965004	2000
180	45.29020165441614	10044.455729358884	707
181	-58.67609403293775	10012.31784230964	230
182	83.99430615136009	10052.154805008191	991
183	-7.942259375127463	10025.91100573528	487
184	302.3131539830844	89.40181350432977	1239
185	155.77949857414592	10083.187936768689	1016
186	301.76686015992897	85.64123143329623	1264
187	86.97063038883172	10061.589423175863	719
188	30.11067353660883	10037.707598062807	576
189	303.29832962350264	90.78641900450258	1229
190	-94.48017772648426	10002.685443772874	92
191	-78.94028467417698	10006.943998028408	140
192	38.91173736812712	10044.19623171226	560
193	3.2302601421758084	10034.23744079689	428
194	-56.96542274899672	10014.524026348705	209
195	17.903141105167478	10035.3812600246	526
196	-29.332732520658936	10022.52053948516	323
197	-30.379134272282144	10024.831309163015	299
198	-71.54281872946278	10011.265883803486	162
199	-18.56039455220629	10026.590713466705	385
200	-37.585608140260064	10020.445727943435	297
201	-6.4348882584383915	10034.627072918242	354
202	161.54058272885072	10086.14228137378	1017
203	-65.64827608952649	10014.372968426544	173
204	116.20783862070354	10075.407561108274	742
205	-83.29867869052524	10006.80322791452	124
206	-129.41254829825215	10010.0259615561	121
207	-24.8507956184704	10022.54571463928	368
208	3.4057357516336424	10036.873000815911	419
209	141.0619831267609	10081.833792846746	891
210	-30.096863903274894	10023.023000279676	331
211	-46.341400316495765	10017.952427372435	261
212	-88.93258623958775	10004.765677045341	108
213	307.11806768356837	99.41187489885102	1150
214	41.639419142131544	10052.989207149209	489
215	113.51770539838995	10062.889697596727	908
216	-83.77518662853214	10005.89887339088	126
217	-94.71565686640702	10002.30973316464	81
218	-94.0966916464724	10003.279597259665	90
219	23.80230606336187	10038.934469208436	546
220	-96.517948483902	10003.129521796749	102
221	100.8754923672825	10068.461757994219	740
222	-86.69199164868701	10006.086040507875	118
223	-10.097415602343162	10031.305960207095	377
224	-33.219623197220926	10024.518113342248	257
225	-98.07915208466164	10002.612760827149	84
226	81.19315851053528	10061.033173333317	677
227	-36.48751420832653	10020.68280119057	303
228	63.40616046432481	10051.305344208498	627
229	15.06364655819155	10031.52024747931	567
230	174.1279392147194	10078.524727437036	1209
231	31.661656503422904	10039.340552394679	551
232	-58.01769438204237	10011.29113208708	280
233	304.4276113903494	88.46987046605088	1283
234	307.9505140129085	92.55089124213723	1190
235	308.2393549439557	94.4699346144363	1188
236	309.2137762218225	96.0466686706394	1162
237	302.4227550879302	100.90781973438003	1244
238	309.93947248448677	100.59742083356271	1130
239	127.21506931970089	10075.397108888932	832
240	-89.20401226570985	10004.244011101058	94
241	10.048400262385229	10038.185106274896	429
242	96.34910536955769	10066.69126696283	717
243	104.37078676182585	10072.324325865418	714
244	312.6685350336716	109.58803503581174	1007
245	-14.266728124148045	10028.763030718508	351
246	310.8915963485374	108.10228252642159	1038
247	310.99214974216613	108.20981170626457	1035
248	122.37687242936181	10076.390231248419	803
249	312.142547605623	112.76344547619135	1008
250	311.3141710202765	106.03778433870079	1061
251	-101.7849551837653	10001.459755116455	92
252	22.485941692314753	10045.61862795909	429
253	157.72333754997612	10092.206525331507	834
254	130.0594014095618	10081.796044550283	762
255	82.92515743704308	10071.409074718136	586
256	310.7559459990474	109.63751184193973	1050
257	312.08758443376377	113.4792263679993	1018
258	312.1123762656116	112.90382442768319	1031
259	-77.272908035217	10010.380897745777	121
260	-92.16557872599084	10005.338553707037	92
261	68.51250582251629	10059.184929440678	602
262	-91.79865387672261	10004.782680913315	82
263	17.83070626205614	10043.375868900124	397
264	5.758132404595358	10040.282373496004	382
265	-34.81067505155687	10024.065361088356	277
266	-70.3212622009539	10014.528863821806	146
267	25.37067315214631	10046.584225042898	450
268	-90.67312504259576	10004.705347382534	93
269	6.974679369281773	10038.711847194174	400
270	-1.6425462470119356	10035.652793463329	372
271	-14.9453370654538	10030.9488195362	350
272	-2.2047541239304707	10036.541435682548	377
273	314.4480667643343	113.63587325056929	987
274	-10.127775814042906	10031.614523587392	344
275	314.52369385887823	114.30791251519594	1005
276	6.066076723534792	10040.540173454212	366
277	4.800718970962109	10039.25026745532	351
278	49.408454465249775	10053.854937992855	501
279	132.8386497542572	10085.094165297372	755
280	-43.608414942543135	10020.938204502661	218
281	11.736414399335501	10042.352993101962	384
282	314.42216575001396	112.70801011944745	1009
283	316.174657229184	113.47809715546548	991
284	98.22856881350359	10071.295601102613	651
285	111.2979543729391	10076.809704173273	700
286	317.64507616490476	118.621435260359	968
287	2.703191026203413	10038.706758876242	337
288	-36.34624553720143	10023.048073250171	237
289	124.87174066694615	10084.803364070727	707
290	317.21924561377153	118.11352443919239	958
291	318.02563529788125	118.11271777116717	987
292	60.93579696188044	10062.280468599258	507
293	318.3593325295506	119.7474483218404	947
294	318.12370845043637	117.26963153851892	974
295	317.94991227469365	118.44051948544967	948
296	321.04138646516026	123.42517939350985	932
297	318.67846324461186	120.0353821198383	942
298	-95.4621836527499	10003.220629148864	66
299	319.7118660615181	121.8870073532828	938
300	318.9501848623101	122.55762260670998	941
301	319.9023764781105	124.90345902688524	912
302	41.374183021804356	10053.603249080677	442
303	318.3882304508999	122.02977026719756	933
304	320.00556327798057	124.07602233374348	922
305	33.82906958850242	10053.080325706005	415
306	320.4173760086996	127.35451768046833	899
307	318.5220853697442	122.71545031375604	927
308	317.1423217190752	122.06984012766044	942
309	317.78951095153536	120.176230979184	947
310	318.1841532743356	126.0785190138934	910
311	316.1841681827171	122.82066375675464	935
312	318.5934566989983	126.9281254971636	910
313	317.7553266913358	123.0686484445772	945
314	318.5536816537121	123.7358892939989	935
315	318.1437024045661	125.71378541103972	909
316	319.4572656767149	125.42947146667227	930
317	319.46944584452905	128.6528319918938	906
318	318.35621034165024	125.84185732261409	908
319	320.8513930606786	126.23445782647974	923
320	320.672644685885	127.32827326904031	905
321	319.76475336844857	130.1579784654347	898
322	319.38361090513155	127.80915120949449	922
323	320.7952359372724	129.10669018056524	902
324	320.75349113452626	128.7988423988431	907
325	319.9990136446363	128.9541785628051	895
326	318.2029405417455	129.94577024441435	906
327	319.8022022408631	131.09368015376202	877
328	318.7686129974573	129.26825036125922	908
329	319.9807780273618	129.2937580710836	880
330	321.6577888087772	133.6424951014139	858
331	321.5178972343162	133.35056048014127	868
332	321.9043421206034	131.6524323806573	873
333	319.2020139340604	130.3716758088257	885
334	321.3864820840424	136.44668676095452	841
335	321.66053429178197	131.9607927574759	881
336	321.62484205200286	132.91601497177572	860
337	320.9508509660736	132.08628392479739	877
338	321.5827287156334	135.29392411277325	850
339	321.65599449963963	134.47045781121713	856
340	320.11404504088387	131.19775273833244	885
341	321.8688839978128	133.73941208630976	866
342	322.32269113906034	135.9286167935714	852
343	320.16209728828443	133.44055204226376	853
344	320.9639370237289	131.7991393372609	875
345	320.79729920178517	133.66852158531438	866
346	-84.6178805377079	10005.21368277528	96
347	320.37909139803395	133.35293739558423	856
348	321.96264593700454	134.2646314829043	866
349	322.33741898787775	136.54828894995492	850
350	322.3376570453977	137.16865522413076	849
351	319.559615716914	133.95292136456007	856
352	322.07738399168676	138.02432972653665	833
353	322.3678990549134	135.30912793981128	862
354	323.555952897296	138.96721985680713	840
355	321.2637340378288	134.97347805751684	860
356	321.0262636349029	135.98794889292734	844
357	321.73958222445526	136.94812303060132	842
358	322.8034310743657	137.62382806237372	850
359	323.19730592750955	139.98784199906294	831
360	320.76055142726426	137.55112916338646	855
361	322.0095712687868	136.57800534487816	838
362	321.8553033978186	134.74301375778012	862
363	323.4467536533416	139.624250241401	836
364	-105.12167259178746	10001.542693766089	46
365	321.6534247362912	135.74816928054994	856
366	-121.93040909471873	9.475847184979704	2000
367	-79.28003941325849	6.874991137961259	2000
368	-86.95022956092753	7.284779254336896	2000
369	-103.23259412046214	11.88949118476332	2000
370	-123.51983266858632	10011.18253842238	91
371	-126.4404978292915	10008.222148564275	210
372	-110.38759965963168	10.297611766832254	2000
373	-190.75432656656062	10017.879080689263	1538
374	-59.90459860746737	16.438127462721273	2000
375	-113.68855216159136	10003.413994303763	78
376	-62.798672522904866	8.420070730825836	2000
377	-14.76321779431177	21.297385568680735	2000
378	-135.54999143149246	10.659966847129176	2000
379	-63.77996993759644	8.092108696625482	2000
380	-53.78413139305437	8.693503594624353	2000
381	33.664687387990966	10061.224468639786	471
382	48.512175150492965	10057.676687506526	506
383	319.55410190886016	132.92978423534032	878
384	68.20655879202218	10067.624060625943	512
385	318.4028898623431	130.96919702298365	886
386	324.468493010748	144.36750801261311	823
387	-40.71946131758648	10026.7660979231	243
388	322.25330381532314	140.44735378758588	826
389	323.0907751692593	141.16147325844594	831
390	323.6336009773446	140.833539273811	824
391	323.0047605689621	141.06293500784832	823
392	324.02301729270783	142.20500538963734	817
393	321.78432084063945	138.38618414462726	829
394	322.7821126156593	138.3415486159437	829
395	324.1855468056037	142.91502892153017	807
396	324.3634467223223	141.1851124791059	818
397	325.38028449188477	145.51447489142245	804
398	325.6125383392511	144.9653258018851	803
399	326.8614077775255	145.84524983560564	815
400	325.298097832742	144.74046849390348	806
401	326.0946629898879	146.83996474173017	799
402	326.55376503527145	146.9257037297823	799
403	324.32681357953146	145.0958937259943	801
404	326.98154004840444	147.5976271051914	803
405	326.6000653277686	146.86458192264257	805
406	327.9773768551806	149.29395467798912	800
407	326.6207254511197	148.57822263349775	788
408	325.94207236169746	147.09994442745875	793
409	327.24945843554565	145.58973504129375	809
410	324.7499278796542	145.95731472968905	805
411	110.34387286530148	10094.462045848719	551
412	324.8813313025694	147.06939982960105	805
413	327.49600193214445	150.1949316291473	787
414	325.78236816137746	147.931082037523	790
415	327.00830563158775	147.79204182044995	795
416	326.42967418503224	149.01305194540774	785
417	324.41153632494985	146.3428945061293	805
418	324.0674352489613	144.5501699491572	805
419	326.6490872844793	150.27792719716186	786
420	326.55542547126765	149.6875209991764	786
421	325.2085311958918	148.80048251708772	788
422	103.32501675686956	10092.054468933618	537
423	327.3804242401904	151.65635284255234	779
424	326.62347353557095	148.74902600316736	786
425	327.07573680061506	151.02340395090366	784
426	327.1667476655439	148.63222367137087	796
427	325.91481233988424	148.38900175355724	794
428	326.6967175118426	151.70778275307867	788
429	326.66803498459245	152.252575186498	775
430	328.3677489969112	152.65555013951203	782
431	325.77926893026057	148.18598359023275	793
432	328.5134159833611	153.1259901832859	783
433	328.15706164499045	154.66457862626038	784
434	327.7319531167184	155.166809745632	776
435	327.4437816868427	152.12224402526942	781
436	327.4881926291568	153.75547400438242	772
437	327.32272624306523	153.1187710690082	777
438	325.50897935179063	148.09656104340894	795
439	328.8130939966327	157.1637657850725	759
440	327.1925362005328	151.9767662306766	779
441	327.7381530835519	154.14839414162012	774
442	328.7366781974488	156.0264657347018	764
443	326.74595416545844	152.98358892152655	773
444	327.5569456197877	155.00392236998047	766
445	328.53981325445585	156.22556038554183	763
446	328.48900943676995	157.29198635509866	759
447	327.7980385026591	154.65842322500592	769
448	174.96110636783652	10128.109771976142	672
449	328.315645206835	156.57763778852546	760
450	327.2944192625762	156.0552150691177	759
451	328.0048723177054	155.0315075469606	766
452	328.2188453718511	157.26656653326634	758
453	326.35157627349383	153.16068176301653	774
454	328.12798061181195	160.05501783327892	751
455	-69.74997301262535	5.3420324213302965	2000
456	-52.601766283842586	2.6385928919707	2000
457	-65.43737714681777	4.0221747271794825	2000
458	-65.9390896711071	3.8250468304534797	2000
459	-52.93361961619288	3.3412403941157933	2000
460	-70.74655436870415	4.263737224379258	2000
461	324.2648320589611	153.22913701400682	811
462	-119.41829812576296	10007.032784131621	111
463	-109.3521506507945	10005.995310161772	309
464	325.3323190057815	155.0104220418343	810
465	326.25885341182726	157.07611017718273	765
466	327.1220814278756	156.37746894598095	762
467	326.98981734369073	153.6788960615902	777
468	327.5792242319427	155.98460231213272	760
469	328.2114227248815	158.56159591021813	747
470	327.3594321589757	156.82813065011973	751
471	327.3574261679685	157.2706002517037	750
472	-100.67027198788594	10000.909751671066	72
473	-99.52802161260105	10000.774882802352	63
474	327.1937549025203	154.77494896509563	765
475	327.8206079771005	160.28528279277342	756
476	-70.0362229760699	10012.493444657775	114
477	328.30277014485455	158.4085710859859	750
478	-96.20324501664129	10001.227334935955	61
479	329.4521718160491	161.33895699867892	742
480	328.4781540159543	159.97706699247252	743
481	327.44439655903824	160.02828445978423	742
482	-94.9130340215334	10002.835465727883	61
483	328.4349921093517	161.7984353277928	737
484	328.87010224451535	164.4975930019397	730
485	327.85385432671563	162.4630399293308	732
486	327.9730675124668	161.34784458736408	738
487	328.80305582730665	161.40739911132684	741
488	-100.07209573441077	10002.29340750977	62
489	327.39645548274814	161.1164304539501	740
490	326.3269451089729	157.93687188672868	754
491	327.00066681894435	161.65824092969103	733
492	327.50999762043284	161.1572452659853	738
493	326.4956697717124	158.8547514989398	754
494	327.28760363085536	162.11071336762816	733
495	327.33156429152336	161.18554025195436	739
496	186.94508174057233	10138.75003235868	668
497	327.6273927735419	162.6886171429027	733
498	328.71224771130574	163.10941916886014	732
499	326.9424388722732	161.86377110408478	732
500	328.4917136349503	163.81019748666057	733
501	327.5727399979101	166.22054255815453	719
502	326.01100894172475	158.47269570331093	756
503	326.2725516626544	161.11063851260135	739
504	325.6873210671437	161.95731422203326	729
505	326.44002149534265	160.83431996664427	739
506	327.24628578408823	162.41953382191326	733
507	328.02577608455164	164.74967024616296	723
508	327.51045915063105	166.00033962732323	715
509	328.045274717791	164.55028123400032	728
510	327.31143630031863	164.09522912860388	726
511	329.1237322124709	165.6932489470754	724
512	329.1352526933022	165.96453700242574	723
513	328.4791886152091	165.40517034148576	724
514	328.66354051470825	165.38937678041438	722
515	328.99693561181766	165.90113108832358	722
516	329.36917468524194	169.18542508928368	714
517	197.41189466726377	10148.26686421614	671
518	11.069834846982332	10053.210820416247	286
519	328.96738249371174	165.77318668971114	724
520	328.9988955893655	166.77442701102575	722
521	327.2372172823871	165.17479350625752	727
522	329.2151093343131	169.76088187716175	705
523	124.398380209419	10110.923156979949	528
524	150.7730049538759	10126.777712692572	564
525	328.67631365362524	166.34441516497233	717
526	328.7362858919778	164.61078478246284	731
527	329.46314588931415	167.9404313600533	714
528	327.58875730409807	165.81310075870468	720
529	163.77904891339108	10137.66818806857	567
530	328.4744328190479	168.7162070692273	709
531	327.7612686838047	168.1481447962871	706
532	327.80634910478494	167.54439833745508	707
533	327.60234413603945	168.05901391158002	718
534	326.81044079375283	165.86090501669128	710
535	327.55686046281085	163.6350648518642	730
536	328.56622832017587	169.54592927345075	707
537	328.5092027706442	166.9693418520642	718
538	328.0360450357989	165.84517567392336	721
539	328.99623649184264	171.0680623195798	702
540	114.67637224323764	10109.42773991138	483
541	329.20298727443554	169.74173480553395	708
542	328.4746389260871	171.06070595010502	700
543	330.46068533564176	169.3917574485815	713
544	330.12556262551345	168.981982516601	713
545	330.1334567794646	168.82147984908534	713
546	329.4114922130943	167.45666244598124	725
547	149.537290702086	10124.997795671172	568
548	328.74881407440984	169.3597552875007	707
549	328.7817684853478	170.15826286314058	702
550	329.99321827409375	171.04239895183585	704
551	328.8068016025233	170.7146035385014	701
552	328.7451901496434	170.85130917818185	697
553	328.89545121924414	170.7066780880774	700
554	70.60969543422499	10084.763626402482	414
555	328.55154548128	172.64021960478047	690
556	328.38708975256134	171.94848296716924	693
557	329.26850008703	175.1197204292932	684
558	330.5521669942698	174.24401153163592	692
559	213.73519729109768	10162.833000340283	679
560	328.41279644451294	175.11841577008008	681
561	328.56930248076503	173.8021091940556	685
562	327.94019958422155	172.75133626845655	691
563	329.8242728013847	176.0002818241946	680
564	327.66867834026056	172.4590983587622	699
565	78.12016076012628	10092.996974876634	424
566	181.25620521820218	10147.06216404376	615
567	328.8223664259394	178.90580374072672	677
568	321.94935002865003	170.23794399396598	679
569	328.7243701744575	175.1804837993075	690
570	328.0817564882673	175.99210301117566	690
571	328.31470889305854	176.65391755157037	685
572	329.44911410408605	178.68836194975182	675
573	327.97227237900387	177.86942755042017	667
574	329.08203066421737	179.66423748208575	664
575	11.605597859216587	10055.412651052267	281
576	329.37816187254884	182.48477455598604	655
577	329.32812273180735	180.7179452619931	663
578	328.5651819187044	182.6963744637964	652
579	328.5259978710217	179.92752632959363	662
580	200.9489114416794	10167.184599857428	604
581	329.6531849963455	183.90140135608726	650
582	329.49335683782857	183.44951037639478	655
583	328.0970731317655	180.69640780377503	656
584	99.670522858939	10107.705155155127	425
585	52.755030770049814	10079.268314209576	351
586	11.909701365842508	10060.45860445846	261
587	328.65745776375934	182.718174317147	656
588	-36.46743986861878	10029.356375736015	186
589	329.13088273309853	181.68152916473306	659
590	173.37534639488882	10148.110268191384	563
591	329.09581566906337	184.52185187243703	646
592	330.694810211488	183.8904236451287	655
593	94.67126305733456	10104.435494704676	415
594	94.32907998134391	10104.910214390626	418
595	39.90348025146312	10073.09075135931	320
596	168.03299175000478	10146.852450308292	544
597	328.8567362534472	183.5370541966714	647
598	331.82227184876064	185.1677250957756	654
